FILL
1: 1,0 2,0 2,1 2,5 1,6 1,4
2: 2,0 26,0 26,1 24,1 22,1 20,1 18,1 14,1 12,1 10,1 6,1 2,1
3: 26,0 27,0 27,12 26,13 26,11 26,9 26,5 26,1
4: 6,1 10,1 9,2 7,2
5: 12,1 14,1 14,2 13,2
6: 18,1 20,1 19,2 18,2
7: 22,1 24,1 24,3 22,3
8: 13,2 14,2 14,4 13,4
9: 0,5 1,4 1,8 1,10 1,12 0,12
10: 6,5 7,4 9,4 10,5 10,6 6,6
11: 12,5 13,4 14,4 15,5 15,6 12,6
12: 17,5 18,4 19,4 20,5 20,6 17,6
13: 4,5 6,5 6,6 5,6
14: 20,5 25,5 25,6 21,6 20,6
15: 25,5 26,5 26,9 25,8 25,6
16: 20,6 21,6 21,8 20,8
17: 1,8 2,9 2,10 1,10
18: 4,8 9,8 9,9 5,9 4,9
19: 9,8 10,8 10,13 9,13 9,9
20: 12,8 13,8 13,9 13,11 12,11
21: 13,8 16,8 16,9 13,9
22: 16,8 18,8 18,10 17,10 16,9
23: 4,9 5,9 5,10 4,10
24: 17,10 18,10 18,12 17,12
25: 21,10 23,10 23,11 21,11
26: 25,12 26,11 26,13 25,13
27: 0,12 1,12 2,13 0,13
28: 4,12 5,12 5,13 4,13
29: 16,13 17,12 18,12 18,13
30: 0,13 2,13 4,13 5,13 9,13 10,13 16,13 18,13 25,13 26,13 26,14 1,14

MESH
1: 2,1 6,1 7,2 7,4 6,5 4,5 2,5
2: 9,2 10,1 12,1 13,2 13,4 12,5 10,5 9,4
3: 14,1 18,1 18,2 18,4 17,5 15,5 14,4
4: 19,2 20,1 22,1 22,3 20,5 19,4
5: 24,1 26,1 26,5 24,3
6: 7,2 9,2 9,4 7,4
7: 18,2 19,2 19,4 18,4
8: 22,3 24,3 26,5 20,5
9: 1,6 2,5 4,5 5,6 4,8 2,9 1,8
10: 10,5 12,5 12,6 10,6
11: 15,5 17,5 17,6 15,6
12: 5,6 10,6 12,6 15,6 17,6 20,6 20,8 18,8 12,8 10,8 4,8
13: 21,6 25,6 25,8 23,10 21,10 21,8
14: 2,9 4,8 4,10 2,10
15: 10,8 12,8 12,11 12,13 10,13
16: 18,8 20,8 21,8 21,10 21,11 18,13
17: 23,10 25,8 26,9 26,11 25,12 23,11
18: 5,9 9,9 9,13 5,13 5,12 5,10
19: 13,9 16,9 17,10 17,12 16,13 13,13 13,11
20: 1,10 2,10 4,10 4,12 4,13 2,13 1,12
21: 4,10 5,10 5,12 4,12
22: 12,11 13,11 13,13 12,13
23: 21,11 23,11 25,12 25,13 18,13

FLINKS
1: 2,9
2: 1,3,4,5,6,7
3: 2,15,26
4: 2
5: 2,8
6: 2
7: 2
8: 5,11
9: 1,17,27
10: 13
11: 8
12: 14
13: 10
14: 12,15,16
15: 14,3
16: 14
17: 9
18: 19,23
19: 18,30
20: 21
21: 20,22
22: 21,24
23: 18
24: 22,29
25: 0
26: 3,30
27: 9,30
28: 30
29: 24,30
30: 19,26,27,28,29

MLINKS
1: 6,9
2: 6,10
3: 7,11
4: 7,8
5: 8
6: 1,2
7: 3,4
8: 4,5
9: 1,12,14
10: 2,12
11: 3,12
12: 9,10,11,15,16
13: 16,17
14: 9,20
15: 12,22
16: 12,13,23
17: 13,23
18: 21
19: 22
20: 14,21
21: 18,20
22: 15,19
23: 16,17

PATHS
1: 7,11 4,10 4,8 15,6 18,4 22,3 24,3 25,2
2: 3,2 9,4 12,6 15,6 16,2
3: 15,10 13,11 12,11 12,8 18,8 21,11 23,12
