FILL
1: 0,1 1,0 2,1 1,2
2: 1,0 7,0 6,1 2,1
3: 6,1 7,0 8,1 9,2 7,2
4: 0,1 1,2 1,6 1,9 1,13 1,15 1,23 0,24
5: 8,1 10,1 11,2 10,3 9,2
6: 10,3 11,2 11,24 10,23 10,15 10,12 10,10 10,7
7: 3,3 5,3 5,5 3,5
8: 1,6 2,7 2,8 1,9
9: 2,7 3,7 3,8 2,8
10: 3,7 6,7 7,8 7,9 6,10 5,10 3,8
11: 9,8 10,7 10,10 9,9
12: 3,14 5,12 6,12 7,13 7,14 6,15 3,15
13: 9,13 10,12 10,15 9,14
14: 1,13 2,14 1,15
15: 1,15 2,14 3,14 3,15
16: 3,19 4,18 5,18 6,19 6,20 5,21 4,21 3,20
17: 0,24 1,23 10,23 11,24

MESH
1: 1,2 2,1 3,1 3,3 3,5 3,7 2,7 1,6
2: 3,1 6,1 7,2 5,3 3,3
3: 5,3 7,2 9,2 10,3 10,7 9,8 7,8 6,7 5,5
4: 3,5 5,5 6,7 3,7
5: 1,9 2,8 3,8 5,10 5,12 3,14 2,14 1,13
6: 7,8 9,8 9,9 7,9
7: 6,10 7,9 9,9 10,10 10,12 9,13 7,13 6,12
8: 5,10 6,10 6,12 5,12
9: 7,13 9,13 9,14 7,14
10: 6,15 7,14 9,14 10,15 10,23 6,23 6,20 6,19
11: 1,15 5,15 5,18 4,18 1,18
12: 5,15 6,15 6,19 5,18
13: 1,18 4,18 3,19 1,19
14: 1,19 3,19 3,20 1,20
15: 1,20 3,20 4,21 1,21
16: 5,21 6,20 6,23 5,23
17: 1,21 4,21 5,21 5,23 1,23

FLINKS
1: 2,4
2: 1,3
3: 2,5
4: 1,8,14,17
5: 3,6
6: 5,11,13,17
7: 0
8: 4,9
9: 8,10
10: 9
11: 6
12: 15
13: 6
14: 4,15
15: 12,14
16: 0
17: 4,6

MLINKS
1: 2,4
2: 1,3
3: 2,4,6
4: 1,3
5: 8
6: 3,7
7: 6,8,9
8: 5,7
9: 7,10
10: 9,12,16
11: 12,13
12: 10,11
13: 11,14
14: 13,15
15: 14,17
16: 10,17
17: 15,16

PATHS
1: 2,4 3,5 6,7 7,8 7,14 3,19 2,22
2: 9,22 7,13 6,12 3,12
3: 2,16 6,15 7,14 7,8 5,3 4,2
